#
0 0 0.2
1 1 0.146667
2 2 -0.173333
3 3 -0.2
4 0 0.2
4 1 -0.466667
4 2 0.466667
4 3 0.6
4 4 0.013333
5 0 -0.333333
5 1 1.0
5 2 -0.6
5 3 -1.0
5 5 0.04
6 0 0.866667
6 1 0.6
6 2 -0.866667
6 3 0.066667
6 6 0.013333
7 0 -1.0
7 1 -0.066667
7 2 -0.466667
7 3 -3.666667
7 7 0.12
8 8 -0.093333
9 9 -0.013333
10 10 0.12
11 11 0.173333
12 4 0.333333
12 8 -0.6
12 9 0.466667
12 10 0.2
12 11 -0.866667
12 12 0.093333
13 5 -0.733333
13 8 0.866667
13 9 -0.6
13 10 0.333333
13 11 0.066667
13 13 0.04
14 6 1.0
14 8 -0.6
14 9 0.733333
14 10 1.0
14 11 0.466667
14 14 -0.146667
15 7 -0.333333
15 8 -0.466667
15 9 -0.866667
15 10 -0.866667
15 11 0.6
15 15 -0.146667
16 16 -0.146667
17 17 -0.013333
18 18 0.173333
19 19 -0.066667
20 12 -0.466667
20 16 3.0
20 17 2.333333
20 18 -1.666667
20 19 -0.333333
20 20 0.066667
21 13 0.466667
21 16 0.2
21 17 -0.866667
21 18 -0.866667
21 19 -0.066667
21 21 -0.12
22 14 -0.2
22 16 0.066667
22 17 2.333333
22 18 -0.466667
22 19 -0.866667
22 22 -0.173333
23 15 0.733333
23 16 -0.2
23 17 1.0
23 18 -1.0
23 19 -0.6
23 23 0.12
24 24 -0.146667
25 25 -0.093333
26 26 0.146667
27 27 -0.173333
28 20 -0.066667
28 24 0.2
28 25 -0.466667
28 26 -0.066667
28 27 0.733333
28 28 -0.12
29 21 -0.066667
29 24 0.733333
29 25 -0.733333
29 26 -0.333333
29 27 -0.066667
29 29 -0.146667
30 22 0.466667
30 24 -1.0
30 25 0.733333
30 26 -1.0
30 27 -0.6
30 30 0.12
31 23 1.0
31 24 -0.066667
31 25 -0.866667
31 26 -0.6
31 27 -0.733333
31 31 -0.12
32 0 -0.2
32 32 -0.2
33 1 4.333333
33 33 -0.173333
34 2 -0.066667
34 34 -0.066667
35 3 -0.466667
35 35 -0.12
36 32 0.733333
36 33 0.866667
36 34 -0.333333
36 35 0.466667
36 36 -0.04
37 32 4.333333
37 33 -1.0
37 34 -0.333333
37 35 0.733333
37 37 0.173333
38 32 0.6
38 33 -0.2
38 34 0.6
38 35 0.2
38 38 0.04
39 32 -0.2
39 33 0.733333
39 34 0.733333
39 35 -1.0
39 39 0.12
40 8 -0.2
40 40 -0.066667
41 9 -1.0
41 41 0.12
42 10 0.333333
42 42 0.066667
43 11 -0.333333
43 43 -0.173333
44 36 0.333333
44 40 0.6
44 41 -0.6
44 42 -0.733333
44 43 0.866667
44 44 0.12
45 37 -0.733333
45 40 -0.333333
45 41 -0.2
45 42 0.333333
45 43 -1.0
45 45 0.12
46 38 5.0
46 40 -0.466667
46 41 0.733333
46 42 -2.333333
46 43 -0.866667
46 46 -0.013333
47 39 0.333333
47 40 -4.333333
47 41 -0.466667
47 42 0.2
47 43 -1.0
47 47 -0.12
48 16 -1.0
48 48 -0.12
49 17 0.866667
49 49 0.146667
50 18 -0.466667
50 50 -0.066667
51 19 -1.0
51 51 0.066667
52 44 0.866667
52 48 -0.466667
52 49 -1.0
52 50 1.0
52 51 -0.733333
52 52 0.146667
53 45 -0.2
53 48 -0.733333
53 49 -1.0
53 50 0.2
53 51 -0.733333
53 53 0.12
54 46 0.333333
54 48 -0.066667
54 49 -0.066667
54 50 0.2
54 51 0.066667
54 54 -0.173333
55 47 -0.866667
55 48 -0.066667
55 49 -0.6
55 50 0.733333
55 51 -0.733333
55 55 -0.146667
56 24 0.466667
56 56 -0.066667
57 25 0.6
57 57 0.173333
58 26 0.333333
58 58 -0.173333
59 27 0.333333
59 59 -0.2
60 52 0.733333
60 56 5.0
60 57 -0.2
60 58 -0.733333
60 59 -0.333333
60 60 0.093333
61 53 0.733333
61 56 0.333333
61 57 -0.2
61 58 -0.2
61 59 -0.6
61 61 0.2
62 54 -0.066667
62 56 -0.866667
62 57 0.066667
62 58 0.333333
62 59 -0.2
62 62 -0.2
63 55 -2.333333
63 56 -0.466667
63 57 0.466667
63 58 -0.733333
63 59 5.0
63 63 -0.04
64 32 0.866667
64 64 0.146667
65 33 0.333333
65 65 -0.04
66 34 -0.6
66 66 0.12
67 35 -0.333333
67 67 -0.146667
68 64 -3.0
68 65 1.0
68 66 -0.733333
68 67 -0.866667
68 68 -0.12
69 64 1.0
69 65 -0.333333
69 66 0.6
69 67 0.466667
69 69 -0.093333
70 64 1.0
70 65 -0.066667
70 66 -3.666667
70 67 -0.333333
70 70 -0.013333
71 64 0.733333
71 65 0.066667
71 66 4.333333
71 67 -0.6
71 71 -0.013333
72 40 -0.066667
72 72 0.2
73 41 0.866667
73 73 -0.173333
74 42 0.333333
74 74 -0.173333
75 43 0.2
75 75 -0.2
76 68 -0.6
76 72 -0.2
76 73 -0.066667
76 74 0.866667
76 75 1.666667
76 76 0.066667
77 69 -0.6
77 72 -1.666667
77 73 0.066667
77 74 0.333333
77 75 1.0
77 77 0.2
78 70 0.866667
78 72 0.333333
78 73 0.2
78 74 -0.066667
78 75 -0.6
78 78 -0.146667
79 71 -0.2
79 72 -0.466667
79 73 -0.2
79 74 3.0
79 75 0.333333
79 79 -0.173333
80 48 -0.6
80 80 -0.146667
81 49 3.0
81 81 0.12
82 50 -0.6
82 82 0.12
83 51 0.733333
83 83 0.173333
84 76 -0.866667
84 80 -1.0
84 81 0.2
84 82 0.733333
84 83 0.2
84 84 -0.013333
85 77 0.866667
85 80 1.0
85 81 -0.2
85 82 -0.2
85 83 0.066667
85 85 -0.146667
86 78 0.466667
86 80 -0.466667
86 81 0.866667
86 82 0.066667
86 83 -0.866667
86 86 0.2
87 79 0.733333
87 80 3.666667
87 81 -0.733333
87 82 0.333333
87 83 -0.733333
87 87 0.013333
88 56 1.0
88 88 -0.173333
89 57 -0.733333
89 89 0.2
90 58 -0.2
90 90 0.173333
91 59 0.866667
91 91 -0.04
92 84 0.333333
92 88 -0.066667
92 89 -0.466667
92 90 0.733333
92 91 -0.6
92 92 -0.12
93 85 -1.0
93 88 0.6
93 89 0.733333
93 90 0.2
93 91 -0.466667
93 93 -0.12
94 86 -0.866667
94 88 -0.866667
94 89 1.0
94 90 0.333333
94 91 0.2
94 94 0.12
95 87 -0.2
95 88 1.0
95 89 -0.466667
95 90 -0.733333
95 91 -0.733333
95 95 0.066667
96 64 0.466667
96 96 -0.066667
97 65 0.733333
97 97 -0.173333
98 66 0.6
98 98 0.2
99 67 0.2
99 99 -0.066667
100 96 -0.866667
100 97 -2.333333
100 98 1.0
100 99 0.866667
100 100 -0.013333
101 96 -0.333333
101 97 -3.0
101 98 -0.866667
101 99 -0.066667
101 101 0.066667
102 96 -0.466667
102 97 0.866667
102 98 0.733333
102 99 -1.0
102 102 0.013333
103 96 0.733333
103 97 0.733333
103 98 -0.733333
103 99 -0.2
103 103 0.2
104 72 0.733333
104 104 -0.12
105 73 0.466667
105 105 0.12
106 74 -1.0
106 106 -0.093333
107 75 1.0
107 107 -0.013333
108 100 0.466667
108 104 -3.666667
108 105 0.466667
108 106 3.666667
108 107 0.866667
108 108 -0.093333
109 101 0.6
109 104 1.0
109 105 0.733333
109 106 -0.466667
109 107 0.066667
109 109 -0.173333
110 102 0.066667
110 104 -1.0
110 105 0.6
110 106 0.6
110 107 0.733333
110 110 -0.12
111 103 0.6
111 104 0.6
111 105 0.866667
111 106 0.333333
111 107 -0.733333
111 111 0.093333
112 80 -4.333333
112 112 -0.12
113 81 0.333333
113 113 -0.04
114 82 -0.2
114 114 0.12
115 83 -0.333333
115 115 0.093333
116 108 0.333333
116 112 5.0
116 113 1.0
116 114 -0.466667
116 115 0.6
116 116 -0.146667
117 109 -0.6
117 112 -0.866667
117 113 0.333333
117 114 -0.466667
117 115 0.733333
117 117 -0.066667
118 110 0.866667
118 112 -1.666667
118 113 0.333333
118 114 0.6
118 115 -0.6
118 118 -0.066667
119 111 0.333333
119 112 -0.6
119 113 -0.6
119 114 0.066667
119 115 0.333333
119 119 -0.04
120 88 0.333333
120 120 -0.2
121 89 0.866667
121 121 -0.12
122 90 -0.6
122 122 -0.093333
123 91 0.6
123 123 -0.013333
124 116 -1.0
124 120 -0.2
124 121 0.066667
124 122 0.466667
124 123 -0.333333
124 124 0.066667
125 117 0.466667
125 120 0.6
125 121 -0.6
125 122 -0.733333
125 123 -0.466667
125 125 -0.2
126 118 -0.466667
126 120 0.066667
126 121 1.0
126 122 -0.066667
126 123 -0.2
126 126 0.173333
127 119 0.466667
127 120 4.333333
127 121 0.333333
127 122 0.6
127 123 -0.866667
127 127 -0.146667